1 - [ 34  34 ]
2 - [ 13  27  13  27 ]
3 - [ 12  50  12  50 ]
4 - [ 9  38  45  9  38  45 ]
5 - [ 16  25  16  25 ]
6 - [ 32  36  32  36 ]
7 - [ 17  26  17  26 ]
8 - [ 9  42  9  42 ]
9 - [ 4  8  4  8 ]
10 - [ 13  21  13  21 ]
11 - [ 24  34  24  34 ]
12 - [ 3  3  17  17 ]
13 - [ 2  10  2  10 ]
14 - [ 19  40  19  40 ]
15 - [ 24  44  24  44 ]
16 - [ 5  5  35  35 ]
17 - [ 7  12  7  12 ]
18 - [ 32  39  32  39 ]
19 - [ 14  14  23  23 ]
20 - [ 22  28  22  28 ]
21 - [ 10  10  22  22 ]
22 - [ 20  21  20  21 ]
23 - [ 19  19  44  44 ]
24 - [ 11  15  11  15 ]
25 - [ 5  5  36  36 ]
26 - [ 7  7  27  27 ]
27 - [ 2  26  2  26 ]
28 - [ 20  20  46  46 ]
29 - [ 42  47  42  47 ]
30 - [ 33  41  33  41 ]
31 - [ 38  46  38  46 ]
32 - [ 6  18  6  18 ]
33 - [ 30  30  47  47 ]
34 - [ 1  11  1  11 ]
35 - [ 16  16  50  50 ]
36 - [ 6  25  6  25 ]
37 - [ 48  48 ]
38 - [ 4  31  4  31  40  40 ]
39 - [ 18  18  49  49 ]
40 - [ 14  38  14  38 ]
41 - [ 30  30  43  43 ]
42 - [ 8  29  8  29 ]
43 - [ 41  41  48  48 ]
44 - [ 15  23  15  23 ]
45 - [ 4  4  49  49 ]
46 - [ 28  31  28  31 ]
47 - [ 29  33  29  33 ]
48 - [ 37  43  37  43 ]
49 - [ 39  45  39  45 ]
50 - [ 3  35  3  35 ]
